## Support Vector Machine training set (CAD overlapping CRM Atlas) 
# crm_id: CRM id (of the CRM Atlas).
# chr, start, stop: genomic coordinates.
# CAD_CRMs: id(s) of CAD CRMs overlapping the CRM.
# {Meso, SM, VM, Meso_SM, VM_SM}: Does the CRM belong (1) or not (0) to the class {'Meso only', 'SM only', 'VM only', 'Meso and SM only', 'VM and SM only'}.   
# tin_2.4,..., Mef2_10.12: peak height  in condition of interest (i.e. ChIP log2 enrichment at peak). Values 0 if no peak reported.
crm_id	chr	start	stop	CAD_CRMs	Meso	VM	SM	CM	Meso_SM	VM_SM	tin_2.4	tin_4.6	tin_6.8	bin_6.8	bin_8.10	bin_10.12	twi_2.4	twi_4.6	twi_6.8	bap_6.8	mef2_2.4	mef2_4.6	mef2_6.8	mef2_8.10	mef2_10.12
2508	3R	12598042	12598295	Ubx_dorsal_imaginal_disc_enhancer	0	0	0	0	0	0	0	0	0.97	0	0	0	0	0	0.78	0	0	0	0	0	0
2498	3R	12570955	12571155	Ubx_2218S	1	0	0	0	0	0	0	0	0	0	0	0	1.06	0	0	0	0	0	0	0	0
3655	3L	1445462	1445722	rho_MLE,rho_NEE,rho_enhancer[FL]	0	0	0	0	0	0	0	0	0	0	0	0	2.97	1.7	0	0	0	0	0	0	0
2811	3R	17214242	17214520	bap_baplac4.5	0	1	0	0	0	0	1.62	2.83	1.88	2.88	0	0	0	0	0	2.02	0	0	1.33	0	0
5382	2L	3609083	3609283	odd_CE8010	0	0	0	0	0	0	0	0	0	0	0	0	2.63	0	0	0	0	0	0	0	0
1500	2R	20733286	20733718	Kr_HBg0.6HZ_NR,Kr_SN1.7KrZ_NR	0	0	1	0	0	0	0	0	0.92	1.53	0	0	0	0	0	0	0	1.17	0	0	0
3313	3R	25099344	25099641	stg_b-E5.3	0	0	0	1	0	0	0	0	0	0	0	0	0	0	0	0	1.39	2.5	1.97	0	0
7813	X	17950780	17951096	TnI_IRE_enhancer[FL]_NR	0	0	0	0	0	1	0	0	0	0	0	0	0	0	0	0	0	1.21	1.84	2.68	1.99
2424	3R	11817607	11817807	srp_A7.1EB_NR	0	0	0	0	0	0	0	0	1.26	0	0	0	0	0	0	0	0	0	0	0	0
6136	2L	15474381	15474881	sna_0.9	0	0	0	0	0	0	0	2.35	2.06	0	0	0	0	0	1.04	1.47	2.33	3.23	2.84	2.37	1.21
2978	3R	19123801	19124001	pnt_enhancer[FL]	0	0	0	0	0	0	0	0	0	0	0	0	0	0	0	1.46	0	0	0	0	0
3091	3R	20574989	20575189	tld_promoterfusion	0	0	0	0	0	0	0	0	0	0	0	0	1.6	0	0	0	0	0	0	0	0
3922	3L	5809910	5810110	vn_enhancer[FL],vn_neurogenic_ectoderm	0	0	0	0	0	0	0	0	0	0	0	0	2.25	0	0	0	0	0	0	0	0
1186	2R	16451215	16451426	Act57B_-539/+2,actin57B_enhancer[FL]	0	0	0	0	0	0	0	0	0	0	0	0	0	0	1.2	0	0	0	2.27	0	0
1476	2R	20560783	20561076	gsb-n_gsbnE	0	0	0	0	0	0	0	0	0	0	0	0	1.62	0	0	0	0	0	0	0	1.42
242	2R	4309888	4310211	sns_enhancer[FL]	0	0	1	0	0	0	0	2.18	1.78	1.43	0	0	0	1.73	0	2.2	0	2.18	1.7	1.61	1.8
501	2R	7310160	7310360	ths_Neu4_early_embryonic_enhancer_NR,ths_enhancer[FL]	0	0	0	0	0	0	0	0	0	0	0	0	1.98	0	0	0	0	0	0	0	0
519	2R	7524756	7525181	otk_enhancer[FL]	0	1	0	0	0	0	0	0	1.46	2.77	2.87	2.91	0	0	0	1.4	0	0	0	0	0
7814	X	17952614	17952838	TnI_IRE_enhancer[FL]_NR	0	0	0	0	0	1	0	0	0	0	0	0	0	0	0	0	0	0	0	1.04	2.15
1714	3R	2691462	2691662	Scr_3.5SK	0	0	0	0	0	0	0	0	0	0	0	0	2.14	0	0	0	0	0	0	0	0
3312	3R	25093684	25093884	stg_b-B5.8_NR	0	0	0	0	0	0	0	0	0	0	0	0	0	0	0	0	0	0	0	1.06	0
6137	2L	15475634	15475834	sna_VA	1	0	0	0	0	0	0	0	0	0	0	0	2.38	0	0	0	0	0	0	0	0
1717	3R	2696654	2697045	Scr_5.6BB_NR	0	0	0	0	0	0	0	0	0	0	0	0	0	0	0	0	0	0	3.2	0	2.11
3169	3R	21862509	21862709	E(spl)_m8_dl_mel,HLHm7_m7-0.5	0	0	0	0	0	0	0	0	0	0	0	0	0	0	0	0	0	1.36	0	0	0
2300	3R	10415381	10415780	stumps_enhancer[FL]	0	0	0	0	1	0	2.09	2.94	1.52	0	0	0	2.6	3.63	1.35	0	0	2.26	0	0	0
3694	3L	2098335	2098584	Ket-2_enhancer[FL]	0	0	1	0	0	0	0	0	0	0	0	0	0	0	0	0.79	0	1.21	2.03	0	0
2504	3R	12589843	12590207	Ubx_PRE_polycomb_response_element	0	0	0	0	0	0	1.85	2.74	1.67	0	0	0	1.66	1.48	0.84	1.17	0	1.44	1.53	0	0
3149	3R	21831765	21832299	HLHmbeta_enhancer	0	0	0	0	0	0	0	2.32	1.28	1.11	0	0	0	3.07	1.95	0	0	1.5	1.63	0.8	0
4093	3L	8645067	8645267	h_stripe1	0	0	0	0	0	0	0	0	0	0	0	0	1.72	0	0	0	0	0	0	0	0
3716	3L	2421365	2421565	CG13797_enhancer[FL]	1	0	0	0	0	0	0	0	0	0	0	0	1.11	0	0	0	0	0	0	0	0
7337	X	9539106	9539408	btd_RV-2ndB_NR	0	0	0	0	0	0	0	0	0	0	0	0	0	0	0.96	0	0	1.5	1.44	0	0
2920	3R	18452774	18452974	loco_1.3-GAL4_NR	0	0	0	0	0	0	0	0	0	0	0	0	0	0	0	0	0	0	0	0.8	0
6181	2L	16319751	16319951	cact_2_enhancer[FL]	0	0	0	0	0	0	0	0	0	0	0	0	0	1.65	0	0	0	0	0	0	0
5898	2L	11455702	11455902	salm_sal242S/P_NR	0	0	0	0	0	0	0	0	0	0	0	0	1.76	0	0	0	0	0	0	0	0
7543	X	13514008	13514383	CG12177_enhancer[FL]	0	0	0	0	0	0	0	1.91	0	0	0	0	2.58	3.27	1.13	0	0	0	0	0	0
1716	3R	2693998	2694198	Scr_3.5SK,Scr_5.6BB_NR,ftz_CE8024_NR	0	0	0	0	0	0	0	0	0	0	0	0	1.44	0	0	0	0	0	0	0	0
3473	3R	27530421	27530987	ttk_enhancer[FL]_NR	0	0	0	0	0	0	1.05	2.12	1.79	1.56	0	0	1.12	1.51	0.93	0	1.38	2.23	1.59	0	0
1477	2R	20561092	20561292	gsb-n_gsbnE	0	0	0	0	0	0	0	0	0	0	0	0	0	1.74	0	0	0	0	0	0	0
1168	2R	16113078	16113295	bl_bl/Mir7_O-E	0	0	0	0	0	0	0	0	0	0	0	0	0	0	0	0	0	0	0	1.55	1.58
2541	3R	12747011	12747211	Abd-B_IAB8	0	0	0	0	0	0	0	0	0	0	0	0	1.98	0	0	0	0	0	0	0	0
6265	2L	18146428	18146628	socs36E-ecto_enhancer[FL]	0	0	0	0	0	0	0	0	0	0	0	0	1.21	0	0	0	0	0	0	0	0
2506	3R	12596396	12596833	Ubx_dorsal_imaginal_disc_enhancer	0	0	0	0	0	0	0	1.93	0	1.61	0	0	0	1.87	0	1.45	0	0	0	0	0
3474	3R	27538853	27539053	ttk(late)_enhancer[FL]	0	0	0	0	0	0	0	0	0	0	0	1.52	0	0	0	0	0	0	0	0	0
4474	3L	14041811	14042011	btl_P[B23],btl_P[B4]	0	0	0	0	0	0	0	0	0	0	0	0	1.18	0	0	0	0	0	0	0	0
2500	3R	12575840	12576123	Ubx_BXD-B,Ubx_BXD-C	0	0	0	0	0	0	0	1.61	0	0	0	0	0	2.29	0	0	0	2.16	1.61	0	0
6879	X	2840827	2841028	rst_F6_NR	0	0	0	0	0	0	0	0	0	1.47	0	0	0	0	0	0	0	0	0	0.87	0
7909	X	19547104	19547785	Meso18E_enhancer[FL]	0	0	1	0	0	0	0	1.7	1.15	0	0	0	1.37	2.505	1.9	0.87	0.91	2.1	2.53	1.28	1.57
5926	2L	12086934	12087134	prd_cc_repressor	0	0	0	0	0	0	0	0	0	0	0	0	1.54	0	0	0	0	0	0	0	0
726	2R	9758421	9758754	CG8503_enhancer[FL]	0	0	0	0	0	1	1.3	1.99	1.2	0	0	0	0	0	0	1.29	0	1.2	1.49	0	0
3147	3R	21825216	21825444	HLHmgamma_HZmgammaKX	0	0	0	0	0	0	0	0	0	0	0	0	0	1.68	1.07	0	0	1.54	0	0	0
2505	3R	12591376	12591734	Ubx_pair-rule_(zebra)_like_S2_enhancer	0	0	0	0	0	0	0	0	1.2	0	0	0	0	0	0	1.58	0	1	0	0.82	1.31
2810	3R	17213275	17213545	bap_baplac4.5	0	1	0	0	0	0	0.87	1.64	0	0	0	0	0	0	0	1.34	0	0	0	0	0
6263	2L	18138739	18139170	socs36E-VM-SM_enhancer[FL]	0	0	0	0	0	1	0	0	0	1.54	0	0	0	0	0	0	0	1.03	0	0.86	0
7906	X	19515413	19515613	dome_dome-MESO	0	0	0	0	0	0	0	0	0	0	0	0	0	0	0.8	0	0	0	0	0	0
3071	3R	20123392	20123592	crb_enhancer[FL]	0	0	0	0	0	0	0	0	0	0	0	0	1.82	0	0	0	0	0	0	0	0
6264	2L	18145757	18145957	socs36E-ecto_enhancer[FL]	0	0	0	0	0	0	1.48	0	0	0	0	0	0	0	0	0	0	0	0	0	0
6180	2L	16319550	16319750	cact_2_enhancer[FL]	0	0	0	0	0	0	0	0	0	0	0	0	1.3	0	0	0	0	0	0	0	0
2812	3R	17216752	17217076	bap_bap3_NR	0	0	0	0	0	0	2.35	2.75	0	0	0	0	1.43	2.1	0	0	0	1.26	0	0	0
3168	3R	21861858	21862297	E(spl)_m8_dl_mel,HLHm7_m7-0.5,m5/m8_enhancer[FL]	0	0	0	0	0	0	1.15	2.01	1.31	0	0	0	1.76	2.29	1.61	0.97	0	1.79	1.62	0	0
6606	4	724609	724809	ey_ey12_NR	0	0	0	0	0	0	0	0	0	0	0	0	0	1.95	0	0	0	0	0	0	0
1715	3R	2691663	2691863	Scr_3.5SK	0	0	0	0	0	0	1.12	0	0	0	0	0	0	0	0	0	0	0	0	0	0
5786	2L	9189373	9189800	tai_enhancer[FL]	0	0	0	0	0	0	0	0	0	2.03	1.7	2.64	0	0	0	0	0	0	0.93	0	0
2979	3R	19124272	19124472	pnt_enhancer[FL]	0	0	0	0	0	0	0	0	0	2.07	0	0	0	0	0	0	0	0	0	0	0
3165	3R	21856174	21856579	m5_DE_enhancer[FL]	0	0	0	0	0	0	0	2.14	1.6	0	0	0	0	1.97	1.38	1.63	0	1.51	1.14	0	0
2813	3R	17218185	17218522	bap_bapDS3.5,bap_enhancer[FL]	0	1	0	0	0	0	0	0	0.98	1.84	0	0	0	2.32	0	0	0	1.31	0	0	0
2507	3R	12597745	12597945	Ubx_dorsal_imaginal_disc_enhancer	0	0	0	0	0	0	0	0	0	0	0	0	1.36	0	0	0	0	0	0	0	0
1035	2R	14186356	14186556	edl_PE	0	0	0	0	0	0	0	0	0	0	0	0	0	0	1.45	0	0	0	0	0	0
2499	3R	12571170	12571370	Ubx_2218S	1	0	0	0	0	0	0	0	0	0	0	0	0	1.71	0	0	0	0	0	0	0
5780	2L	9144861	9145061	CG32982_enhancer[FL]	0	0	0	0	0	0	0	0	0	0	0	0	1.24	0	0	0	0	0	0	0	0
3170	3R	21865474	21865896	E(spl)_PNC,m8.2_enhancer[FL]	1	0	0	0	0	0	0	1.77	0	0	0	0	1.28	2.17	1.8	0	0	1.89	1.45	0	0
1708	3R	2671476	2671925	Scr_BSR	0	0	0	0	0	0	2.37	2.1	0	0	0	0	1.24	2.01	0	0.96	0.98	1.3	0	0	0
1836	3R	4526697	4526897	hb_HZ526	0	0	0	0	0	0	0	0	0	0	0	0	1.66	0	0	0	0	0	0	0	0
7953	X	20489049	20489249	run_neural_15GG	0	0	0	0	0	0	1.5	0	0	0	0	0	0	0	0	0	0	0	0	0	0
1710	3R	2674428	2674628	Scr_BSR	0	0	0	0	0	0	0	0	0	0	0	0	0	0	0	0	0	0	1.22	0	0
3196	3R	22622474	22622766	Tl_600Rd	0	0	0	0	0	0	0	0	0	0	0	0	1.93	0	0	0	0	0	0	0	0.9
1685	3R	2561568	2561857	pb_2.1+pbZR_NR	1	0	0	0	0	0	0	0	0	0	0	0	1.25	2.27	0	0	0	0	0	0	0
5889	2L	11402770	11402970	salm_BI	0	0	0	0	0	0	0	0	0	0	0	2.31	0	0	0	0	0	0	0	0	0
470	2R	7041568	7042081	en_intron	0	0	0	0	0	0	1.41	1.97	1.19	0	0	0	1.34	1.5	0	1.7	0	1.4	0	0	0
1707	3R	2656088	2656288	Scr_8.2XX	0	0	0	0	0	0	0	0	0	0	0	0	0	0	0	0	0	0	0	1.17	0
2824	3R	17252457	17252720	lbl_enhancer_1[FL]	0	0	0	0	0	0	0	0	0	1.93	1.82	2.9	0	0	0	0	0	0	0	0.94	0
735	2R	9948102	9948472	phyl_enhancer[FL]	0	0	0	0	0	0	0	0	0	0	0	0	1.35	2	1.21	0	0	0	0	0	0
2817	3R	17220676	17220876	bap_bapDS3.5	0	1	0	0	0	0	0	0	0	1.91	0	0	0	0	0	0	0	0	0	0	0
3310	3R	25088950	25089150	stg_HZ-BEa1.2	0	0	0	0	0	0	0	0	0	0	0	0	0	0	0	0	0	0.92	0	0	0
2176	3R	8895736	8896045	sim_enhancer_1[FL],sim_mesectoderm	0	0	0	0	0	0	0	0	0	0	0	0	2.23	2.11	0	0	0	0	0	0	0
1706	3R	2647895	2648305	Scr_6.7BB	0	0	0	0	0	0	0	0	0	0	0	0	1.2	0	0	0	0	2.02	1.31	1.41	1.5
5888	2L	11376620	11376820	salm_AL	0	0	0	0	0	0	0	0	0	0	0	0	0	0	0	0	0	0	0	1.24	0
3390	3R	26292160	26292533	PH4alpha_enhancer[FL]	0	0	0	0	0	0	0	0	0	1.92	0	1.75	0	0	0.89	0	0	0	0	0	0
2816	3R	17219506	17219797	bap_bapDS3.5,bap_enhancer[FL]	0	1	0	0	0	0	0	0	0	1.57	1.42	0	0	0	0	0	0	1.05	0	0	0
1356	2R	18553626	18553826	twi_PE_enhancer[FL],twi_dl_mel	1	0	0	0	0	0	0	1.49	0	0	0	0	0	0	0	0	0	0	0	0	0
1169	2R	16115418	16115878	miR-7_enhancer[FL]	0	0	0	0	0	0	0	0	0	0	0	0	2.56	2.62	2.07	0	0	1.42	1.21	0	0
4839	3L	18367274	18367474	rpr_4S1	0	0	0	0	0	0	0	0	0	0	0	0	0	0	0	1.16	0	0	0	0	0
6266	2L	18147347	18147727	socs36E-ecto_enhancer[FL]	0	0	0	0	0	0	1.63	2.48	1.37	0	0	0	2.03	2.16	1.1	0	0	1.76	1.64	0	0
578	2R	8462315	8462515	Mdr49_enhancer[FL]	0	0	0	0	0	0	0	0	0	0	0	0	1.24	0	0	0	0	0	0	0	0
3311	3R	25089349	25089549	stg_HZ-BEa1.2	0	0	0	0	0	0	0	0	0	0	0	0	1	0	0	0	0	0	0	0	0
332	2R	5485610	5485915	eve_mas	1	0	0	0	0	0	0	0	0	0	0	0	1.92	1.67	0	0	0	0	0	0	0
335	2R	5497045	5497264	eve_MHE_NR	0	0	0	0	0	0	0	0	0	0	0	0	0	0	0	0	0	0	1.19	1.48	0
2821	3R	17228198	17228402	lbe_enhancer[FL]	0	0	0	0	1	0	0	0	0	1.06	0	1.95	0	0	0	0	0	0	0	0	0
334	2R	5495726	5495926	eve_stripe4_6	0	0	0	0	0	0	0	0	0	0	0	0	1.21	0	0	0	0	0	0	0	0
7336	X	9537841	9538041	btd_RV-2ndB_NR	0	0	0	0	0	0	0	0	0	0	0	0	0	0	0	0	0	0	1.16	0	0
2613	3R	13875845	13876198	htl_early,htl_enhancer[FL]	0	0	0	0	0	0	1.15	1.55	0	0	0	0	3.02	3.67	2.39	0	0	1.75	1.21	0	0
333	2R	5489419	5489619	eve_stripe2	0	0	0	0	0	0	0	0	0	0	0	0	1.99	0	0	0	0	0	0	0	0
1357	2R	18557428	18557920	twist_enhancer[FL]	0	0	0	0	1	0	1.67	2.63	1.59	0	0	0	2.65	2.38	1.83	0	1.23	1.88	1.26	0	0
6369	2L	19186139	19186339	drl_drlU	0	0	0	0	0	0	0	0	0	1.43	0	0	0	0	0	0	0	0	0	0	0
5019	3L	21001095	21001295	siz_loner/CG32434-PE	0	0	0	0	0	0	0	0	0.92	0	0	0	0	0	0	0	0	0	0	0	0
6531	2L	21840673	21841262	tsh_del-1-5_NR	0	0	0	0	1	0	1.29	2.14	1.11	0	0	0	2.25	2.77	1.66	0	1.56	2.26	1.96	1.47	1.47
2515	3R	12637528	12637993	abd-A_iab-2(1.7)	0	0	0	0	0	0	0	0	1.07	0	0	0	0	1.78	1.05	0	0	0	1.13	0	0
2509	3R	12598858	12599058	Ubx_pbxPB	1	0	0	0	0	0	0	0	0	0	0	0	2.01	0	0	0	0	0	0	0	0
4838	3L	18365326	18365718	rpr_4S5	0	0	0	0	0	0	1.48	2.39	1.63	1.19	0	0	0	1.71	0.98	0	0	1.64	1.57	1.02	0
1686	3R	2567623	2567935	pb_promoter	0	0	0	0	0	0	0	0	0	0	0	0	1.15	0	0.96	0	0	0	0	0	0
2837	3R	17392100	17392639	slou_enhancer[FL]	0	0	0	0	1	0	2.03	2.94	1.2	0	0	0	0	0	1.34	0	1.35	2.82	1.35	1.35	1.45
4994	3L	20633549	20633749	kni_-5_construct,kni_enhancer[FL]	0	0	0	0	0	0	0	0	0	0	0	0	1.84	0	0	0	0	0	0	0	0
5018	3L	21000386	21000756	siz_loner/CG32434-PE	0	0	0	0	0	0	0.8	2.13	0	0	0	0	1.96	3.34	0.98	0	0	1.51	0	0	0
1415	2R	19379967	19380167	ken_enhancer[FL]	0	1	0	0	0	0	0	0	0	0	0	3.14	0	0	0	0	0	0	0	0	0
336	2R	5497279	5497517	eve_MHE_NR	0	0	0	0	0	0	1.69	0	1.19	0	0	0	0	0	0	0	0	0	0	0	0
4701	3L	16442606	16442806	argos_aos292	0	0	0	0	0	0	0	0	0	0	0	0	0	0	0	0	0	0	1.96	0	0
3846	3L	3997727	3997967	fd64A_enhancer[FL]	0	1	0	0	0	0	0	0	0	0	1.71	3.05	0	0	0	0	0	0	0	0	0
1396	2R	19146288	19146528	retn_enhancer[FL]	0	0	0	0	1	0	0	0	0	0	0	0	0	0	0	0	0	1.67	0.95	0	0
4606	3L	15495863	15496063	CrebA_CrebA-770_NR	0	0	0	0	0	0	0	0	0	0	1.67	0	0	0	0	0	0	0	0	0	0
1423	2R	19495459	19495659	Phm_enhancer[FL],Phm_mesoderm	1	0	0	0	0	0	0	0	0	0	0	0	2.28	0	0	0	0	0	0	0	0
1095	2R	14964727	14965492	betaTub56D_AS3_NR	0	0	0	0	0	0	0	1.53	0.94	1.7	0	0	1.37	2.28	1.46	0	1.08	1.93	1.45	0.87	0
2180	3R	9119250	9119450	WntD_enhancer[FL]	1	0	0	0	0	0	0	0	0	0	0	0	1.96	0	0	0	0	0	0	0	0
1444	2R	19817347	19817547	betaTub60D_beta3-14/vm1_NR	0	0	0	0	0	1	0	0	0	0	0	0	0	0	0	0	0	0	2.24	0	0
4099	3L	8720965	8721181	Prm_-1.7/-0.76_NR	0	0	0	0	0	1	0	0	0	0	0	1.59	0	0	0	0	0	0	0	0	2.19
1096	2R	14965752	14966119	betaTub56D_AS3_NR	0	0	0	0	0	0	0	1.67	0	0	0	0	1.66	2.41	1.16	0	0	1.54	0	0	0
7812	X	17949471	17949671	TnI_IRE_enhancer[FL]_NR	0	0	0	0	0	1	0	0	0	0	0	0	0	0	0	0	0	0	0	0	1.36
2823	3R	17249858	17250152	lbl_enhancer_2[FL]	0	0	0	1	0	0	1.18	0	1.64	0	0	0	0	0	0	0	0	0	0	0	0
2556	3R	12882226	12882544	Dad_enhancer[FL]	0	0	0	0	0	0	0	0	1.56	0	0	0	0	1.47	1.39	0.91	0	1.66	1.8	1.33	1.52
4607	3L	15496838	15497038	CrebA_CrebA-770_NR	0	0	0	0	0	0	0	0	0	0	0	0	0	1.34	0	0	0	0	0	0	0
7621	X	15480998	15481198	sog-shadow_enhancer[FL]	0	0	0	0	0	0	0	0	0	0	0	0	2.92	0	0	0	0	0	0	0	0
7811	X	17948817	17949017	TnI_IRE_enhancer[FL]_NR	0	0	0	0	0	1	0	0	0	0	0	0	0	0	0	0	0	0	0	0	1.46
1397	2R	19146734	19147110	retn_enhancer[FL]	0	0	0	0	1	0	1.72	2.59	0	0	0	0	2.97	3.12	1.24	0	0.98	1.87	0	0	0
3203	3R	22708601	22708932	T48_enhancer[FL]	1	0	0	0	0	0	0	0	0	0	0	0	1.93	2.96	1.46	0	0	0	0	0	0
6267	2L	18147899	18148099	socs36E-ecto_enhancer[FL]	0	0	0	0	0	0	0	0	0	0	0	0	0	0	0	0	0	0	0	0	1.28
1709	3R	2672512	2672817	Scr_BSR	0	0	0	0	0	0	0	0	0	0	0	0	1.64	2.21	0	0	0	0	0	0	0
3151	3R	21835699	21835941	malpha_PNC	0	0	0	0	0	0	0	0	0	0	0	0	0	0	0	0	0	0	1.64	0.79	0
2980	3R	19124599	19124815	pnt_enhancer[FL]	0	0	0	0	0	0	1.11	0	0	0	0	0	0	1.44	0	0	0	0	0	0	0
5294	2L	2183445	2183645	aop_A-lacZ	0	0	0	0	0	0	1.19	0	0	0	0	0	0	0	0	0	0	0	0	0	0
4970	3L	20335785	20335985	trbl_enhancer[FL]	1	0	0	0	0	0	0	0	0	0	0	0	0	0	0	0	0	0	0	0	1.16
323	2R	5446992	5447484	Mef2_II-B[L]_NR	0	0	0	0	0	0	1.76	2.62	1.34	0	0	0	2.14	2.09	0	0	0.72	1.56	1.06	0	0
828	2R	11406268	11406468	sli_2.6_RV	0	0	0	1	0	0	0	0	0	0	0	1.66	0	0	0	0	0	0	0	0	0
143	2R	2934417	2934818	so_enhancer[FL]	0	0	0	0	0	1	0	0	0.94	2.51	1.5	2.17	0	0	0	0	0	0	0	0	0
7957	X	20504693	20505042	run_7stripe_reduced	0	0	0	0	0	0	0	0	0	0	0	0	1.68	0	0.96	0	0	1.88	1.66	1.26	1.6
4837	3L	18363626	18363984	rpr_1.2,rpr_4S7	0	0	0	0	0	0	0	0	1.13	0	0	0	0	0	0	0	0	0.9	1.26	0.88	0
326	2R	5449552	5450000	Mef2_-9117/-8079_enhancer[FL],Mef2_II-E	0	0	0	0	0	1	0	0	0	0	0	0	0	0	0	1.1	0	1.45	1.78	1.18	1.46
5289	2L	2178968	2179358	aop_B-lacZ,aop_D-lacZ_NR	0	0	0	1	0	0	0	0	0	0	0	1.42	0	0	0	0	0	0	0	0	1.87
6646	X	218322	218522	sc_DC	0	0	0	0	0	0	0	0	0	0	0	0	0	0	0	0	0	0	1.29	0	0
5291	2L	2181980	2182476	aop_A-lacZ,aop_J-lacZ_NR	0	0	0	0	0	0	2	2.77	2.41	0	0	0	1.45	3.44	2.47	0.96	0	1.72	1.62	0	0
2488	3R	12526840	12527040	Ubx_BRE	1	0	0	0	0	0	0	0	0	0	0	0	1.75	0	0	0	0	0	0	0	0
3373	3R	26000550	26000777	Mlc2_enhancer[FL]	0	0	0	0	0	1	0	0	0	0	0	2.54	0	0	0	0	0	0	0	2.09	0
4482	3L	14138656	14138856	D_D/fsh_O-E	0	0	0	0	0	0	0	0	0	0	0	0	1.81	0	0	0	0	0	0	0	0
7958	X	20508909	20509109	run_6stripe_+1EE,run_6stripe_+3GG	0	0	0	0	0	0	0	0	0	0	0	0	1.58	0	0	0	0	0	0	0	0
3150	3R	21835280	21835640	malpha_PNC	0	0	0	0	0	0	0	1.96	2.39	2.23	1.09	0	0	0	0	1.95	1.46	0	0	0	0
2981	3R	19126000	19126494	pnt_enhancer[FL]	0	0	0	0	0	0	0	0	0	0	0	0	2.12	2.05	1.48	0	0	0	0	0	0
6213	2L	16762522	16762722	Mhc_enhancer[FL]	0	0	0	0	0	1	0	0	0	0	0	0	0	0	0	0	0	0	0	0	1.66
2961	3R	18955679	18955879	hh_enhancer[FL]	0	0	0	0	0	0	0	0	0	0	0	0	1.51	0	0	0	0	0	0	0	0
1691	3R	2581292	2581492	zen_1.4_NR	0	0	0	0	0	0	0	0	0	0	0	0	1.44	0	0	0	0	0	0	0	0
5401	2L	3820185	3820385	slp1_5-4	0	0	0	0	0	0	0	0	0	0	0	0	0	0	0	0	0	0.9	0	0	0
5290	2L	2180666	2181124	aop_B-lacZ	0	0	0	0	0	0	1.28	2.41	0	0	0	0	1.32	2.93	1.81	1.08	0	1.94	1.43	0	0
327	2R	5450021	5450415	Mef2_-9117/-8079_enhancer[FL],Mef2_II-E	0	0	0	0	0	1	0	0	0	1.14	1.38	1.77	0	2.06	1.59	0	0	0	0	0	0
5409	2L	3829342	3829542	slp1_slp_B	0	0	0	0	0	0	0	0	0.69	0	0	0	0	0	0	0	0	0	0	0	0
1795	3R	4103393	4103593	ato_5'F9.3_NR	0	0	0	0	0	0	0	0	0	0	0	0	1.46	0	0	0	0	0	0	0	0
3471	3R	27528611	27528902	ttk_enhancer[FL]_NR	0	0	0	0	0	0	0	1.58	1.56	2.85	1.72	0	0	0	1.34	1.06	0	0	0	0	0
167	2R	3097259	3097603	blow_enhancer[FL]	0	0	0	0	0	1	0	0	0	0	0	0	0	0	1	0	0	1.17	1.69	1.08	0
3152	3R	21835980	21836369	malpha_PNC	0	0	0	0	0	0	1.56	2.51	0	0	0	0	1.27	2.32	1.56	0	0	2.39	0	0	0
827	2R	11405882	11406157	sli_2.6_RV	0	0	0	1	0	0	1.18	0	0	0	0	0	1.46	1.69	0	0	0	1.05	0	0	0
5402	2L	3821689	3822287	slp1_5-3	0	0	0	0	0	0	1.42	1.83	0	0	0	0	1.98	2.53	0	0	0	1.23	0	0	0
300	2R	5220737	5221259	dap_dap-4'2'_NR	0	0	0	0	0	0	0	0	0.92	1.45	0	0	0	1.51	0	0	0	0	1.01	0	0
1443	2R	19816668	19817215	betaTub60D_beta3-14/vm1_NR	0	0	0	0	0	1	0	0	1.25	2.75	2.59	2.74	0	0	0	1.73	0	1.34	0	2.26	1.31
5787	2L	9190331	9190633	tai_enhancer[FL]	0	0	0	0	0	0	0	0	0.92	1.68	1.98	2.75	0	0	0	1.24	0	0	0	0	0
144	2R	2934867	2935132	so_enhancer[FL]	0	0	0	0	0	1	0	0	0	0	0	0	0	0	0.89	0	0	0	1.48	1.27	1.17
303	2R	5226387	5226587	dap_dap-del	0	0	0	0	0	0	0	0	0	0	0	0	2.33	0	0	0	0	0	0	0	0
9	2R	1217189	1217768	ap_ApME680	0	0	0	0	0	0	1.02	1.93	1.16	0	0	0	0	1.57	1.25	0	0	1.64	1.23	0	0
4024	3L	7344309	7344838	bhr_enhancer[FL]	0	0	0	0	0	0	0	1.62	1.1	0	0	0	1.45	1.67	1.51	0	0	1.25	1.29	0	0
829	2R	11406875	11407268	sli_2.6_RV	0	0	0	1	0	0	0.96	0	0	0	0	0	0	1.94	0	0	1.64	2.21	1.59	1.17	1.7
5890	2L	11411295	11411495	salm_BAT	0	0	0	0	0	0	0	0	0	0	0	0	0	0	0	0	0	0	0	1.03	0
5220	2L	1162261	1162810	CG5080_enhancer[FL]	0	0	1	0	0	0	0	0	0	0	1.15	2.02	0	0	0.99	0	0	0	1.28	1.72	1.47
3199	3R	22625008	22625208	Tl_1.7RS	0	0	0	0	0	0	0	0	0	0	0	0	0	0	0	0	0	0	0	0	0.86
3472	3R	27529482	27529682	ttk_enhancer[FL]_NR	0	0	0	0	0	0	0	0	0	0	0	0	0	0	0	0.9	0	0	0	0	0
4969	3L	20335482	20335707	trbl_enhancer[FL]	1	0	0	0	0	0	0	0	0	0	0	0	0	1.16	0	0	0	1.53	0	0.77	0
2820	3R	17227574	17227958	lbe_enhancer[FL]	0	0	0	0	1	0	2.65	3.15	0	0	0	0	0.94	2.69	0	0	0	1.63	0	0	0
302	2R	5226034	5226245	dap_dap-del	0	0	0	0	0	0	0	0	0	0	0	0	0	0	1	0	0	0	1.13	0	0
5397	2L	3813987	3814522	slp1_enhancer[FL]	0	0	0	0	0	1	0.89	0	1.58	0	0	1.88	0	1.93	1.78	1.49	0	1.12	1.41	0	0
5586	2L	6531029	6531421	eya	1	0	0	0	0	0	2.33	3	2.21	2.02	0	0	0	2.76	1.94	1.98	0	2.09	1.69	0	0
1719	3R	2711043	2711243	Scr_7.0RR_NR	0	0	1	0	0	0	0	0	0	0	0	0	2.44	0	0	0	0	0	0	0	0
3198	3R	22623791	22624123	Tl_1.7RS	0	0	0	0	0	0	0	0	0	0	0	0	0	0	0	1.52	0	0	0	1.14	1.6
1713	3R	2689658	2689858	ftz_zebra_element	1	0	0	0	0	0	0	0	0	0	0	0	1.66	0	0	0	0	0	0	0	0
6877	X	2838562	2838952	rst_F6_NR	0	0	0	0	0	0	1.77	2.64	2.32	1.32	0	0	1.26	2.73	1.6	1.98	1.63	2.24	1.88	1.57	1.29
6662	X	379144	379612	elav_construct_J_NR	0	0	0	0	0	0	0	0	1.01	0	0	0	1.13	0	0	0	0	1.49	1.52	1.14	1.13
4971	3L	20336486	20336865	trbl_enhancer[FL]	1	0	0	0	0	0	0	0	0	0	0	0	2.77	2.94	1.03	0	0	1.24	0	0	0
6447	2L	20464415	20464958	mir-1_enhancer[FL]	0	0	0	0	0	0	1.46	3.05	1.62	0	0	0	2.38	2.33	1.52	1.15	0	2.75	2.29	2.01	0
1511	3R	174357	174557	hkb_ventral_element_plus_NR	1	0	0	0	0	0	0	0	0	0	0	0	2.64	0	0	0	0	0	0	0	0
5645	2L	7306807	7307110	wg_del-wg_NR	0	0	0	0	0	0	0	1.84	0	0	0	0	0	0	0.7	0	0	1.41	1.1	0	0
2814	3R	17218784	17219068	bap_bapDS3.5,bap_enhancer[FL]	0	1	0	0	0	0	0	1.84	0	0	0	0	2.07	0	1.94	0	0	1.45	0	0	0
2754	3R	16376083	16376629	STAT92E_enhancer[FL]	0	0	0	0	0	0	1.51	2.24	0	1.94	1.15	1.68	2.11	2.06	1.77	0	0	1.48	1.79	1.15	0
6661	X	378718	379037	elav_construct_J_NR	0	0	0	0	0	0	0	0	0	1.68	0	0	0	1.62	0	0	0	0	0	0	0
5960	2L	12679384	12679584	pdm2_+1_construct	0	0	0	0	0	0	0	0	0	0	0	0	1.84	0	0	0	0	0	0	0	0
1497	2R	20725684	20725937	Kr_PP3.OHZ	0	0	0	0	0	0	0	1.67	0	0	0	0	0	1.27	0	0	0	0	0	0	0
7619	X	15458776	15458976	sog_broad_lateral_neurogenic_ectoderm,sog_enhancer[FL]	0	0	0	0	0	0	0	0	0	0	0	0	1.19	0	0	0	0	0	0	0	0
2815	3R	17219092	17219292	bap_bapDS3.5,bap_enhancer[FL]	0	1	0	0	0	0	0	0	0	0	0	0	0	0	0	1.73	0	0	0	0	0
4200	3L	9942226	9942426	Nc_dronc_0.52kb	0	0	0	0	0	0	0	0	0	0	0	1.64	0	0	0	0	0	0	0	0	0
2962	3R	18957069	18957467	hh_enhancer[FL]	0	0	0	0	0	0	1.73	2.71	0	0	0	0	2.02	2.73	0	0	0	0	0	0	0
6190	2L	16482040	16482432	dac_enhancer[FL]	0	1	0	0	0	0	0	1.7	0	1.78	1.79	2.37	1.67	0	0.96	0	0.96	0	1.28	1.15	0.96
320	2R	5445494	5445987	Mef2_II-B[L]_NR	0	0	0	0	0	0	1.08	1.53	0	2.1	0	0	0.97	1.57	0	1.16	0	1.19	1.13	0	0
1711	3R	2679348	2679548	Scr_2.4HH,Scr_2.6HH_NR	0	0	1	0	0	0	0	0	0	0	0	0	0.7	0	0	0	0	0	0	0	0
6880	X	2841037	2841237	rst_F6_NR	0	0	0	0	0	0	0	0	0	0	0	0	0	0	0.88	0	0	0	0	0	0
321	2R	5446038	5446288	Mef2_II-B[L]_NR	0	0	0	0	0	0	0	0	0	0	0	0	1.19	0	0	0	0	0	0	0.84	0
5288	2L	2178296	2178633	aop_B-lacZ,aop_D-lacZ_NR	0	0	0	1	0	0	0	1.6	0	1.62	0	2.08	0	0	0	0	0	0	0	0	0
1690	3R	2579866	2580066	zen_0.7,zen_1.4_NR	1	0	0	0	0	0	0	0	0	0	0	0	1.58	0	0	0	0	0	0	0	0
1712	3R	2680046	2680440	Scr_2.4HH	0	0	0	0	0	0	0	0	0	0	0	0	1.04	0	0	0	0	0	2.57	0	0
6448	2L	20464987	20465187	mir-1_enhancer[FL]	0	0	0	0	0	0	0	0	0	0	0	0	0	0	0	0	0	0	0	0	1.49
471	2R	7043951	7044338	en_upstream_enhancer	0	0	0	0	0	0	0	1.77	0	0	0	0	0	0	1.06	0.92	0	0	0	0	0
6349	2L	19033054	19033615	mib2_enhancer[FL]	0	0	0	0	0	1	0	0	1.2	2.71	0	2.15	0	0	1.41	1.29	1.21	1.92	2.67	2.58	1.96
6178	2L	16315847	16316047	cact_1_enhancer[FL]	1	0	0	0	0	0	0	0	0	0	0	0	1.97	0	0	0	0	0	0	0	0
2753	3R	16374981	16375181	STAT92E_enhancer[FL]	0	0	0	0	0	0	0	0	0	0	0	0	0	0	0	0	0	0	0	0	1.34
4570	3L	15004949	15005229	ind_moduleA_NR	0	0	0	0	0	0	1.82	1.93	0	0	0	0	1.12	1.45	0	0	0	0	0	0	0
322	2R	5446295	5446495	Mef2_II-B[L]_NR	0	0	0	0	0	0	0	0	0	0	0	0	0	0	1.01	0	0	0	0	0	0
6672	X	449561	449761	vnd_348,vnd_enhancer[FL]	0	0	0	0	0	0	0	0	0	0	0	0	3.21	0	0	0	0	0	0	0	0
2963	3R	18960534	18960853	hh-PR_enhancer[FL]	0	0	0	0	0	0	0	0	0	1.9	1.43	1.91	0	0	0	0	0	0	0	0	0
7171	X	7142264	7142464	brk_enhancer[FL],brk_neurogenic_ectoderm	0	0	0	0	0	0	0	0	0	0	0	0	3.36	0	0	0	0	0	0	0	0
202	2R	3744136	3744336	dpn_dC	0	0	0	0	0	0	0	0	0	0	0	0	0	0	0	0	0	1.55	0	0	0
967	2R	13275581	13275781	HLH54F_enhancer[FL]	0	0	0	0	0	0	0	0	0	0	0	0	0	0	0	0	0	0	1.18	0	0
1170	2R	16115907	16116107	miR-7_enhancer[FL]	0	0	0	0	0	0	0.87	0	0	0	0	0	0	0	0	0	0	0	0	0	0
7954	X	20492583	20492783	run_stripe_5	0	0	0	0	0	0	1.43	0	0	0	0	0	0	2.05	0	0	0	0	0	0	0
5832	2L	10293781	10293981	Hand_HCH	0	0	0	1	0	0	0	0	0	0	0	2.05	0	0	0	0	0	0	0	0	0
2415	3R	11746769	11747051	CG4221_enhancer[FL]	1	0	0	0	0	0	0	1.03	0	0	0	0	0	0	0	0	0	1.26	0	0	0
966	2R	13274314	13274913	HLH54F_enhancer[FL]	0	0	0	0	0	0	0	0	0	2.94	2.25	3.15	1.07	1.44	0.82	1.45	0	1.86	1.26	0.98	0
475	2R	7064471	7064736	en_enhancer[FL]	0	0	0	0	0	0	0	1.71	0	0	0	0	1.45	3.33	0	0	0	0	0	0	0
7955	X	20499916	20500116	run_neural_6GB	0	0	0	0	0	0	0	0	0	0	0	0	0	2.27	0	0	0	0	0	0	0
1108	2R	15176867	15177067	miR-309-6_8-miR_enhancer	0	0	0	0	0	0	0	0	0	0	0	0	1.72	0	0	0	0	0	0	0	0
4571	3L	15005623	15005962	ind_moduleA_NR	0	0	0	0	0	0	1.95	2.07	1.47	0	0	0	0	0	0	0	0	0	0	0	0
6876	X	2836484	2836721	rst_F5p	0	0	0	0	0	0	0	0	0	0	0	0	0	0	0	0	0	0	0	1.4	1.5
2501	3R	12581820	12582149	Ubx_pair_rule_(zebra)_like_S1_enhancer	0	0	0	0	0	0	0	0	0	0	0	0	1.16	1.98	0	0	0	0	0	0	0
3691	3L	2073248	2073448	Ket-1_enhancer[FL]	0	0	1	0	0	0	0	0	0	0	0	0	0	0	0	0	0	0	0	0	2.02
1793	3R	4095509	4095709	ato_5'F9.3_NR	0	0	0	0	0	0	0	0	0	0	0	0	0	0	1.06	0	0	0	0	0	0
3389	3R	26291941	26292141	PH4alpha_enhancer[FL]	0	0	0	0	0	0	0	0	0	0	1.38	0	0	0	0	0	0	0	0	0	0
1499	2R	20732888	20733088	Kr_HBg0.6HZ_NR	0	0	1	0	0	0	0	0	0	0	0	0	0	0	0	0	1.42	0	0	0	0
1678	3R	2302550	2302750	CG2330_enhancer[FL]	0	0	0	0	0	0	0	0	0	0	0	2.71	0	0	0	0	0	0	0	0	0
6449	2L	20468678	20469091	miR-1_enhancer[FL]_NR,miR-1_miR-1_enhancer	0	0	0	0	0	0	2.11	3.21	0.93	0	0	0	2.99	3.51	2.1	0	0	2.1	0	0	0
1498	2R	20726865	20727157	Kr_PP3.OHZ	0	0	0	0	0	0	1.07	1.84	0	0	0	0	1.13	2.78	0	0	0	1.22	0	0	0
1834	3R	4523540	4523740	hb_P1_promoter	0	0	0	0	0	0	0	0	0	0	0	0	0	0	0	0	0	1.59	0	0	0
6607	4	724846	725046	ey_ey12_NR	0	0	0	0	0	0	0	0	0	0	0	0	1.33	0	0	0	0	0	0	0	0
3374	3R	26000844	26001044	Mlc2_enhancer[FL]	0	0	0	0	0	1	0	0	0	0	0	0	0	0	0	0	0	0	0	0	2.18
4029	3L	7496334	7496633	CG32372_enhancer[FL]	0	0	0	0	0	0	0	0	0.94	0	0	0	0	2.29	0	0	0	0	0	0	0
3475	3R	27539324	27539524	ttk(late)_enhancer[FL]	0	0	0	0	0	0	0	0	0	0	0	0	0	0	0	0	0	0	1.09	0	0
2806	3R	17205697	17205938	tin_tinB-180	1	0	0	0	0	0	1.13	0	0	0	0	0	2.92	3.16	0	0	0	0	0	0	0
3916	3L	5791106	5791313	vn_1_enhancer[FL]	0	1	0	0	0	0	0	0	1.66	0	0	0	0	0	0.75	0	0	0	0	0	0
2416	3R	11747565	11747857	CG4221_enhancer[FL]	1	0	0	0	0	0	0	1.63	0	0	0	0	2.4	2.08	0.82	0	0	1.73	0	0	0
3698	3L	2101768	2101968	Ket-3_enhancer[FL]	0	0	1	0	0	0	0	0	0	0	0	0	0	0	0	0	0	0	1.72	0	0
2173	3R	8886069	8886269	sim_enhancer[FL]	0	0	0	0	0	0	0	0	0	0	0	0	0	0	1.23	0	0	0	0	0	0
5286	2L	2175111	2175311	aop_D-lacZ_NR	0	0	0	1	0	0	0	0	0	0	0	0	0	0	0	0	0	0	0	0	1.41
257	2R	4650238	4651003	CG8788_enhancer[FL]	0	0	0	0	1	0	1.09	1.95	0	0.93	0	0	2.65	2.86	1.64	1.06	1.04	1.2	1.11	0	0
472	2R	7045262	7045735	en_upstream_enhancer	0	0	0	0	0	0	1.33	1.95	0	0	0	0	0.92	0	1.16	0	0	0	1	0.85	0
7185	X	7166807	7167007	brk-shadow_enhancer[FL]	0	0	0	0	0	0	0	0	0	0	0	0	0	0	0	0	1.36	0	0	0	0
6669	X	440469	440669	vnd-vNE_enhancer[FL]	0	0	0	0	0	0	0	0	0	0	1.33	0	0	0	0	0	0	0	0	0	0
5287	2L	2177209	2177445	aop_B-lacZ,aop_D-lacZ_NR	0	0	0	1	0	0	0	0	0	0	0	0	0	0	0	0	0	1.25	0	0.95	0
6878	X	2840187	2840498	rst_F6_NR	0	0	0	0	0	0	0	0	0	0	0	0	0	1.32	0.87	0	0	0	0	0	0
2138	3R	8092518	8092810	svp_SCE_enhancer[FL]	0	0	0	1	0	0	0	0	1.5	0	0	0	0	0	0	1.45	0	0	0	0	0
5891	2L	11415248	11415544	salm_enhancer[FL]	0	0	0	0	0	0	0	0	1.35	2.49	2.51	3	0	0	0	1.72	0	0	0	0	0
1501	2R	20733877	20734110	Kr_SN1.7KrZ_NR	0	0	1	0	0	0	0	1.68	0	0	0	0	0	0	0	0	0	0	1.56	0	0
5312	2L	2445687	2446127	dpp_dpp419_NR	0	1	0	0	0	0	1.13	2.07	2.06	3.48	2.52	3.14	0	0	0	1.75	0	0	0	0	0
7184	X	7166023	7166223	brk-shadow_enhancer[FL]	0	0	0	0	0	0	0	1.31	0	0	0	0	0	0	0	0	0	0	0	0	0
2494	3R	12560101	12560334	Ubx_basal_promoter	0	0	0	0	0	0	0	0	0	0	0	0	1.49	2.11	1.04	0	0	1.22	0	0	0
5781	2L	9145723	9146075	CG32982_enhancer[FL]	0	0	0	0	0	0	1.9	2.45	0	0	0	0	2.7	3.25	1.27	0	0	1.59	0	0	0
324	2R	5447626	5448449	Mef2_GE491	0	0	0	1	0	0	0	0	0	1.73	1.21	0	0	1.95	2.02	1.24	0	0	1.4	1.11	0
3160	3R	21850382	21851165	m4_HZm4	0	0	0	0	0	0	0	2.44	1.43	0	0	0	1.26	2.76	2.14	0	0.94	1.87	1.54	0	0
2502	3R	12588326	12588526	Ubx_pair_rule_(zebra)_like_S1_enhancer	0	0	0	0	0	0	0.93	0	0	0	0	0	0	0	0	0	0	0	0	0	0
6470	2L	20772130	20772330	cad_+14_construct	0	0	0	0	0	0	0	0	0	0	0	0	0	0	0	0	0	1.16	0	0	0
6214	2L	16763500	16763743	Mhc_enhancer[FL]	0	0	0	0	0	1	0	0	0	0	0	0	0	0	0	0	0	0	0	1.1	1.83
2303	3R	10421237	10421437	stumps_hbr_DME,stumps_hbr_Tracheal	0	0	0	0	0	0	0	0	0	0	0	0	0	0	1.51	0	0	0	0	0	0
2068	3R	6618312	6618627	CG14687_enhancer[FL]	0	0	0	0	0	1	0	0	0	1.04	0	0	0	0	0	0	0	0	1.06	1.34	0
5644	2L	7304508	7304708	wg_del-wg_NR	0	0	0	0	0	0	0	0	0	0	0	0	1.56	0	0	0	0	0	0	0	0
4041	3L	7811934	7812186	Pdp1_2nd_intron_enhancer	0	0	1	0	0	0	0	0	0	0	0	0	0	0	0	0	0	0	0	0.79	2.01
203	2R	3747592	3747792	dpn_dF	0	0	0	0	0	0	0	0	0	0	0	0	0	1.69	0	0	0	0	0	0	0
5383	2L	3610866	3611066	odd_-5_construct	0	0	0	0	0	0	0	0	0	0	0	0	1.15	0	0	0	0	0	0	0	0
6814	X	2001269	2001469	Pgd_-1172+6.2	0	0	0	0	0	0	0	0	0	0	0	0	0	0	0	0	0	0	0	0	1.55
5403	2L	3822324	3822592	slp1_5-3	0	0	0	0	0	0	0	0	0	0	0	0	2.25	0	0	0	0.83	0	0	0	0
1794	3R	4100821	4101021	ato_5'F9.3_NR	0	0	0	0	0	0	0	0	0	0	0	0	1.15	0	0	0	0	0	0	0	0
2808	3R	17209430	17209772	bap_baplac4.5,tin_tinD	0	0	0	0	0	0	0	1.92	1.25	0	0	0	0	0	0.84	0	0	0	0	0	0
2503	3R	12589530	12589730	Ubx_PRE_polycomb_response_element	0	0	0	0	0	0	0	0	0	0	0	0	0	0	0	0	0	0	0	0.87	0
3308	3R	25085633	25086060	stg_b-E4.9	1	0	0	0	0	0	1.75	1.87	0	0	0	0	2.24	2.38	0	0	1.46	2.03	0	0	0
5020	3L	21001352	21001663	siz_loner/CG32434-PE	0	0	0	0	0	0	1.19	1.78	0	0	0	0	1.8	2.83	1.95	0	0	1.49	0	0	0
7822	X	18041874	18042260	Him_proximal	0	0	0	0	0	0	2.09	3.22	2.32	1.53	0	0	1.56	2.89	2.24	1.76	2.53	3.22	3.17	2.24	1.6
2736	3R	15761375	15761650	mira_PE	0	0	0	0	0	0	0	1.66	0	0	0	0	1.55	2.28	0	0	0	1.29	0	0	0
1718	3R	2707488	2707748	Scr_7.0RR_NR	0	0	1	0	0	0	0	0	0	0	0	0	0	0	0.78	0	0	0	1.08	0	0
2067	3R	6617976	6618289	CG14687_enhancer[FL]	0	0	0	0	0	1	0	0	0	0	1.03	0	0	0	0	0	0	0	0	0	1.72
4561	3L	14937341	14937874	Brd_1.5_NR	0	0	0	0	0	0	2.07	3.05	2.02	0	0	0	2.34	3.19	1.96	0.94	1.4	2.66	1.99	0	0
7282	X	8482191	8482391	oc_otd_eye_enhancer	0	0	0	0	0	0	0	0	0	0	0	0	0	0	0	0	0	0	0.97	0	0
2807	3R	17208156	17208525	tin_tin103A_NR,tin_tin56	0	0	0	0	0	0	0	1.13	0	0	0	0	0	0	0.83	0	0	0	0	0	0
5405	2L	3823791	3824149	slp1_5-2,slp1_5-2_enhancer[FL]	1	0	0	0	0	0	1.49	2.7	0	0	0	0	0	2.47	1.01	0	0	1.56	0	0	0
7821	X	18040978	18041405	Him_proximal	0	0	0	0	0	0	1.77	2.93	1.76	0	0	0	0	2.18	1.46	0	0	2.27	2.19	1.6	0.89
370	2R	5827579	5828074	Ndg_enhancer[FL]	0	0	0	0	0	0	2.09	2.08	1.12	1.49	0	1.64	0	2.08	1.12	1.44	0	1.14	0	0	0
7183	X	7165431	7166015	brk-shadow_enhancer[FL]	0	0	0	0	0	0	0	0	0	0	0	0	3.03	1.45	0	0	0.88	0	0	0	0
5285	2L	2172376	2172682	aop_D-lacZ_NR,aop_E-lacZ	0	0	0	1	0	0	2	1.35	0	0	0	0	2.18	0	0	0	0	0	0	0	0
204	2R	3749233	3749597	dpn_dF	0	0	0	0	0	0	1.95	2.76	2	0	0	0	1.78	2.89	1.54	1.41	0	2.4	2	1.32	0
2825	3R	17269110	17269440	lbl_enhancer[FL]	0	0	0	0	0	0	1.95	2.99	1.86	0	0	0	0	2.18	1.11	0	0	1.97	0	0	0
2305	3R	10423022	10423395	stumps_hbr_early	1	0	0	0	0	0	0	0	0	0	0	0	0	0	1.35	0	0	1.31	1.53	0	0
5387	2L	3618211	3618411	Dot_enhancer	0	0	0	0	0	0	0	0	0	0	0	0	0	1.76	0	0	0	0	0	0	0
47	2R	1685814	1686171	EcR_CE_NR	0	0	0	0	0	0	0	0	0	0	0	0	0	0	0	0	0	0.45	0.68	0.64	0
2809	3R	17210680	17210956	bap_baplac4.5	0	1	0	0	0	0	0	0	1.67	0	0	0	0	0	0	1.1	0	0	0	0	0
7823	X	18042983	18043312	Him_proximal	0	0	0	0	0	0	0	2.4	1.41	0	0	0	0	2.98	2.64	0.56	1.73	3.18	3	2.36	1.65
5292	2L	2182878	2183078	aop_A-lacZ	0	0	0	0	0	0	0	0	0	0	0	0	0	0	0	0	0	1.76	0	0	0
2949	3R	18855131	18855611	lmd_enhancer[FL]	0	1	0	0	0	0	1.2	2.11	1.72	2.07	1.22	0	0	0	0	1.41	0	0	1.6	1.18	0
3425	3R	26677584	26677784	tll_D3.2,tll_P2_NR	0	0	0	0	0	0	0	0	0	0	0	0	1.47	0	0	0	0	0	0	0	0
10	2R	1218500	1218974	ap_brain	0	0	0	0	0	0	1.95	2.38	0	0	0	0	1.24	2.1	0	0	0	1.1	0	0	0
781	2R	10647221	10647661	chn_SOP	0	0	0	0	0	0	1.53	2.51	0	0	0	0	2.42	3.31	2.03	0	0	2.05	0.97	0	0
1797	3R	4110871	4111071	ato_3'F5.8	0	0	0	0	0	0	0	0	0	0	0	0	0	2	0	0	0	0	0	0	0
5293	2L	2183185	2183428	aop_A-lacZ	0	0	0	0	0	0	0	2.35	0	0	0	0	0	0	1.55	0	0	0	0	0	0
318	2R	5443407	5444051	Mef2,Mef2_I-D[L]_NR,Mef2_I-E,Mef2_ecdysoneRE-small_enhancer[FL]	0	0	0	0	0	0	1.92	2.92	1.46	1.65	0	0	2.9	3.6	2.81	1.16	1.11	2.07	1.31	0	0
1796	3R	4110082	4110334	ato_3'F5.8	0	0	0	0	0	0	0.89	1.24	0	0	0	0	0	0	0	0	0	1.66	0	0	0
2950	3R	18855774	18855974	lmd_enhancer[FL]	0	1	0	0	0	0	0	0	0	0	0	0	0	0	0	0	0	1.26	0	0	0
